0.051914 0.257426 0.000285 0.683099 0.007276
0.075032 0.342914 0.004774 0.567134 0.010145
0.071866 0.272939 0.012388 0.642797 0.000010
0.038350 0.314555 0.005454 0.641630 0.000010
0.083976 0.277726 0.003804 0.629074 0.005420
0.088452 0.291929 0.000010 0.619599 0.000010
0.066983 0.189613 0.000010 0.479883 0.263511
0.055527 0.237142 0.007679 0.696834 0.002818
0.094607 0.253217 0.000010 0.643306 0.008860
0.110586 0.285093 0.000010 0.599697 0.004614
0.042958 0.282219 0.000010 0.646631 0.028182
0.014911 0.341727 0.033981 0.604447 0.004934
0.043219 0.306459 0.003726 0.646586 0.000010
0.056905 0.314496 0.008021 0.602050 0.018528
0.062813 0.197356 0.012477 0.589538 0.137816
0.072781 0.263750 0.000111 0.663347 0.000010
0.027468 0.355003 0.000010 0.614512 0.003008
0.069184 0.236307 0.000010 0.688684 0.005815
0.096039 0.363484 0.000010 0.536803 0.003664
0.073064 0.225526 0.001346 0.687495 0.012569
0.068804 0.277080 0.000010 0.649081 0.005025
0.048848 0.279108 0.006974 0.634228 0.030841
0.045846 0.308917 0.000010 0.645217 0.000010
0.035784 0.294373 0.000010 0.619193 0.050639
0.067424 0.355651 0.001848 0.569943 0.005135
0.040220 0.272748 0.014123 0.670571 0.002338
0.062042 0.346255 0.018300 0.572125 0.001278
0.093972 0.261986 0.017030 0.627001 0.000010
0.055390 0.245879 0.030171 0.495123 0.173436
0.060539 0.327883 0.009819 0.601749 0.000010
0.050990 0.291069 0.000010 0.532967 0.124964
0.017006 0.315542 0.000010 0.658128 0.009313
0.021348 0.345696 0.020427 0.608302 0.004227
0.091800 0.257060 0.009693 0.641437 0.000010
0.089389 0.263887 0.017237 0.626158 0.003329
0.211661 0.059497 0.013117 0.715716 0.000010
0.075677 0.278012 0.000010 0.643650 0.002651
0.044130 0.292121 0.000010 0.655390 0.008349
0.053861 0.220297 0.006704 0.624512 0.094625
0.064469 0.273379 0.004808 0.606264 0.051081
0.094009 0.226553 0.003654 0.663133 0.012651
0.044298 0.395271 0.007417 0.553004 0.000010
0.058936 0.288091 0.001327 0.651636 0.000010
0.035038 0.383350 0.010651 0.564778 0.006183
0.092812 0.262177 0.000010 0.639928 0.005073
0.112585 0.231489 0.000010 0.649656 0.006259
0.070653 0.280542 0.000010 0.645447 0.003348
0.062149 0.325687 0.000010 0.605435 0.006720
0.076155 0.298703 0.000010 0.601833 0.023300
0.455880 0.196443 0.056464 0.291202 0.000010
0.404415 0.324454 0.016466 0.254655 0.000010
0.480556 0.254195 0.008824 0.256414 0.000010
0.491999 0.267941 0.039666 0.199670 0.000724
0.360015 0.310715 0.030073 0.297979 0.001217
0.485362 0.237433 0.025391 0.251804 0.000010
0.470745 0.307944 0.027952 0.191743 0.001616
0.468474 0.255922 0.034227 0.241367 0.000010
0.463144 0.347280 0.010730 0.178836 0.000010
0.490486 0.261450 0.022130 0.225924 0.000010
0.474615 0.228855 0.078166 0.218354 0.000010
0.471780 0.314102 0.022523 0.191584 0.000010
0.440988 0.258526 0.037011 0.263464 0.000010
0.516705 0.262985 0.036356 0.183943 0.000010
0.492670 0.297427 0.045365 0.163124 0.001415
0.445559 0.251518 0.031505 0.271407 0.000010
0.418393 0.251450 0.033469 0.296678 0.000010
0.482195 0.262950 0.039904 0.214941 0.000010
0.246331 0.394367 0.017234 0.342058 0.000010
0.081282 0.151794 0.000010 0.365902 0.401011
0.042941 0.264413 0.002151 0.680969 0.009525
0.034617 0.358320 0.003924 0.580475 0.022664
0.064248 0.283481 0.000010 0.592034 0.060227
0.046696 0.327511 0.000010 0.622622 0.003161
0.047053 0.285062 0.005455 0.626918 0.035512
0.043081 0.350993 0.001370 0.572300 0.032256
0.035304 0.267464 0.021384 0.544134 0.131715
0.067966 0.307956 0.000010 0.569221 0.054847
0.060978 0.321634 0.000010 0.570766 0.046611
0.114782 0.126445 0.000010 0.715312 0.043452
0.050062 0.281268 0.005727 0.633905 0.029038
0.064437 0.304677 0.000010 0.590383 0.040493
0.023992 0.373619 0.000010 0.579973 0.022407
0.039679 0.243134 0.000010 0.676371 0.040805
0.113143 0.211030 0.000010 0.617407 0.058410
0.080991 0.239779 0.000010 0.464188 0.215031
0.052988 0.228933 0.000010 0.670125 0.047944
0.032697 0.271030 0.016945 0.600269 0.079060
0.021699 0.273818 0.003781 0.665306 0.035397
0.044238 0.286238 0.003508 0.651704 0.014313
0.046961 0.318648 0.000010 0.582932 0.051449
0.060912 0.223799 0.014834 0.692904 0.007552
0.070869 0.324259 0.000010 0.575404 0.029458
0.063797 0.227196 0.000010 0.676132 0.032865
0.080331 0.176836 0.011678 0.709104 0.022052
0.140558 0.198593 0.000010 0.632664 0.028174
0.131403 0.175237 0.010387 0.682963 0.000010
0.136009 0.182367 0.016804 0.664810 0.000010
0.110182 0.166337 0.000010 0.723461 0.000010
0.111770 0.229112 0.018808 0.527224 0.113086
0.073147 0.128228 0.022135 0.391944 0.384546
0.110767 0.227314 0.000010 0.581513 0.080396
0.119020 0.172897 0.000010 0.708063 0.000010
0.107432 0.188952 0.000010 0.703596 0.000010
0.143212 0.180550 0.001984 0.674244 0.000010
0.115401 0.212087 0.000010 0.669177 0.003325
0.112313 0.193527 0.000010 0.694140 0.000010
0.095645 0.191849 0.033718 0.678779 0.000010
0.113383 0.281220 0.020784 0.584602 0.000010
0.110337 0.224497 0.000010 0.665146 0.000010
0.101060 0.192384 0.012508 0.694038 0.000010
0.100167 0.272960 0.022982 0.603882 0.000010
0.082070 0.269302 0.005716 0.636636 0.006276
0.112522 0.219482 0.009945 0.658041 0.000010
0.126854 0.271075 0.000010 0.602051 0.000010
0.138174 0.198194 0.019115 0.639704 0.004812
0.108272 0.267609 0.020377 0.603733 0.000010
0.125549 0.180000 0.013725 0.678079 0.002648
0.116877 0.325768 0.000010 0.557335 0.000010
0.094320 0.356622 0.009101 0.534623 0.005334
0.097506 0.279692 0.011378 0.611415 0.000010
0.088259 0.355153 0.005264 0.551314 0.000010
0.124358 0.274595 0.006750 0.594287 0.000010
0.111138 0.351427 0.011134 0.526290 0.000010
0.115536 0.323666 0.000396 0.560392 0.000010
0.136895 0.209953 0.017672 0.635470 0.000010
0.094643 0.246567 0.022287 0.636492 0.000010
0.143085 0.233602 0.011955 0.611349 0.000010
0.132534 0.277528 0.000010 0.589918 0.000010
0.180647 0.250313 0.000010 0.564314 0.004716
0.158977 0.128778 0.000010 0.712225 0.000010
0.114382 0.338223 0.001741 0.545645 0.000010
0.086684 0.284474 0.018786 0.610046 0.000010
0.131190 0.280055 0.011349 0.577396 0.000010
0.108566 0.280559 0.004677 0.606188 0.000010
0.141044 0.281260 0.011780 0.565906 0.000010
0.146941 0.254030 0.000220 0.598798 0.000010
0.124657 0.327793 0.006706 0.540834 0.000010
0.176576 0.228336 0.000010 0.595068 0.000010
0.100944 0.357350 0.003183 0.538514 0.000010
0.117185 0.305592 0.000010 0.577203 0.000010
0.138860 0.254722 0.002172 0.604237 0.000010
0.105884 0.330752 0.006469 0.556884 0.000010
0.118347 0.279814 0.000010 0.601819 0.000010
0.095891 0.392523 0.043599 0.467977 0.000010
0.126422 0.322305 0.000010 0.551253 0.000010
0.084486 0.323743 0.016392 0.575368 0.000010
0.096726 0.300822 0.015807 0.586635 0.000010
0.102454 0.332674 0.022043 0.542820 0.000010
0.114108 0.238308 0.002986 0.644589 0.000010
0.110368 0.303806 0.022105 0.563711 0.000010
0.098179 0.338979 0.012990 0.549842 0.000010
0.083232 0.307684 0.017934 0.591141 0.000010
0.088468 0.344338 0.003067 0.564117 0.000010
0.079238 0.338461 0.000010 0.582281 0.000010
0.092611 0.359042 0.027414 0.520923 0.000010
0.095795 0.335517 0.000010 0.568667 0.000010
0.096215 0.349595 0.000336 0.553844 0.000010
0.101672 0.310810 0.001059 0.586448 0.000010
0.087433 0.379390 0.000010 0.533157 0.000010
0.093902 0.308900 0.022792 0.574395 0.000010
0.076431 0.323626 0.039161 0.560772 0.000010
0.113426 0.320817 0.000010 0.565737 0.000010
0.130043 0.307351 0.003984 0.558611 0.000010
0.148124 0.276404 0.021860 0.553602 0.000010
0.220943 0.252601 0.036693 0.489753 0.000010
0.201014 0.263125 0.015109 0.520742 0.000010
0.184746 0.276824 0.014278 0.524142 0.000010
0.172591 0.277497 0.027163 0.522739 0.000010
0.214854 0.235742 0.016162 0.533232 0.000010
0.197573 0.203841 0.034365 0.564210 0.000010
0.202726 0.216692 0.014209 0.566363 0.000010
0.225404 0.246433 0.027236 0.500918 0.000010
0.197057 0.145794 0.019787 0.637352 0.000010
0.181288 0.229638 0.030527 0.558536 0.000010
0.228037 0.122096 0.028044 0.621813 0.000010
0.215008 0.193097 0.034604 0.557282 0.000010
0.190473 0.180072 0.045494 0.583951 0.000010
0.182473 0.225613 0.021428 0.570475 0.000010
0.196261 0.188259 0.046009 0.569461 0.000010
0.208881 0.164018 0.019170 0.607921 0.000010
0.190176 0.228064 0.022393 0.559358 0.000010
0.205198 0.164411 0.010676 0.619704 0.000010
0.236547 0.212708 0.006326 0.544409 0.000010
0.166062 0.276432 0.026409 0.531088 0.000010
0.242089 0.202083 0.005731 0.550087 0.000010
0.181223 0.221730 0.023308 0.573729 0.000010
0.196026 0.268647 0.030879 0.504438 0.000010
0.023579 0.000010 0.005286 0.028761 0.942364
0.027657 0.000010 0.000010 0.010698 0.961625
0.000010 0.000010 0.003626 0.002205 0.994149
0.011599 0.000010 0.000010 0.000010 0.988371
0.016064 0.000010 0.005124 0.000466 0.978336
0.016097 0.000010 0.001291 0.011407 0.971195
0.012966 0.000010 0.000010 0.045221 0.941793
0.003375 0.000010 0.000010 0.000010 0.996595
0.000010 0.000010 0.000010 0.001985 0.997985
0.000010 0.000010 0.000010 0.007365 0.992605
0.022874 0.000010 0.000010 0.000010 0.977096
0.012937 0.000010 0.000010 0.009830 0.977213
0.003798 0.000010 0.004443 0.032598 0.959150
0.007314 0.000010 0.000010 0.039886 0.952780
0.010624 0.000010 0.000010 0.001283 0.988072
0.006535 0.000010 0.016506 0.000010 0.976938
0.023392 0.000010 0.004535 0.030277 0.941785
0.006116 0.000010 0.003276 0.010876 0.979723
0.000010 0.006314 0.010508 0.008682 0.974486
0.022909 0.000010 0.000010 0.033913 0.943159
0.010957 0.000010 0.002237 0.002693 0.984103
0.000010 0.000010 0.000010 0.000010 0.999960
0.021550 0.000010 0.000010 0.025069 0.953361
0.000016 0.000010 0.000010 0.012116 0.987848
0.010184 0.000010 0.000010 0.018424 0.971372
0.012081 0.000010 0.000010 0.032206 0.955693
0.001636 0.007580 0.000010 0.000010 0.990764
0.669813 0.000010 0.009241 0.295510 0.025426
0.000010 0.969333 0.000228 0.026141 0.004288
0.000010 0.957589 0.005167 0.034634 0.002600
0.000010 0.928103 0.000010 0.069546 0.002331
0.018967 0.929421 0.000010 0.051271 0.000332
0.010081 0.986721 0.000010 0.000010 0.003178
0.000010 0.817447 0.000010 0.182523 0.000010
0.000010 0.920814 0.000010 0.075564 0.003601
0.010081 0.964998 0.000010 0.022664 0.002246
0.000010 0.988700 0.000010 0.011270 0.000010
0.000010 0.841382 0.000010 0.158588 0.000010
0.000010 0.860799 0.000010 0.137946 0.001236
0.000010 0.941651 0.000010 0.058319 0.000010
0.004863 0.954861 0.000010 0.038380 0.001886
0.002161 0.927807 0.000010 0.070012 0.000010
0.000010 0.918536 0.000010 0.074392 0.007052
0.004728 0.977991 0.000010 0.015414 0.001857
0.000010 0.945691 0.000010 0.053867 0.000422
0.000104 0.916400 0.018540 0.064946 0.000010
0.000010 0.983688 0.000010 0.013002 0.003290
0.000010 0.917247 0.000010 0.081525 0.001207
0.000010 0.995351 0.000010 0.000010 0.004619
0.016629 0.932986 0.000010 0.050365 0.000010
0.019425 0.973755 0.000010 0.006800 0.000010
0.007656 0.990252 0.000010 0.000010 0.002072
0.000010 0.953116 0.000010 0.043295 0.003569
0.000010 0.941880 0.000010 0.053647 0.004453
0.000010 0.976438 0.000010 0.019078 0.004464
0.010150 0.972082 0.000010 0.014365 0.003394
0.568771 0.000010 0.005576 0.392741 0.032903
0.629427 0.000010 0.001971 0.342714 0.025878
0.587462 0.000010 0.021540 0.364477 0.026511
0.605848 0.000010 0.005290 0.347196 0.041655
0.681204 0.000010 0.000010 0.294817 0.023959
0.580066 0.000010 0.000010 0.386494 0.033420
0.588831 0.000010 0.000010 0.380140 0.031009
0.596296 0.000010 0.000010 0.379521 0.024164
0.600449 0.000010 0.004979 0.363197 0.031364
0.607908 0.000010 0.000010 0.355242 0.036830
0.583773 0.000010 0.032011 0.359799 0.024407
0.595639 0.000010 0.000010 0.375025 0.029317
0.610959 0.000010 0.012267 0.349055 0.027709
0.617890 0.000010 0.007071 0.346366 0.028663
0.564991 0.000010 0.005013 0.397945 0.032042
0.619290 0.000010 0.020590 0.337222 0.022888
0.607205 0.000010 0.013195 0.350365 0.029225
0.006221 0.566543 0.000010 0.404340 0.022887
0.002785 0.608640 0.000010 0.369567 0.018998
0.000010 0.626486 0.000010 0.358019 0.015475
0.000010 0.521286 0.000010 0.467770 0.010924
0.008545 0.545649 0.000010 0.418259 0.027537
0.000010 0.581094 0.000010 0.407061 0.011826
0.000010 0.493108 0.001868 0.485700 0.019314
0.000010 0.532259 0.000010 0.453845 0.013876
0.000010 0.545625 0.000010 0.439047 0.015308
0.000010 0.537495 0.000010 0.446935 0.015551
0.000010 0.505427 0.000010 0.468320 0.026233
0.000010 0.540093 0.000341 0.443813 0.015743
0.000010 0.575312 0.000010 0.403200 0.021467
0.000010 0.606696 0.000010 0.386526 0.006758
0.000010 0.575664 0.000010 0.398805 0.025511
0.002817 0.567255 0.000010 0.405387 0.024531
0.000010 0.489404 0.000010 0.493700 0.016876
0.000010 0.550314 0.000010 0.431850 0.017817
0.000010 0.501275 0.000010 0.443496 0.055209
0.000010 0.513000 0.003838 0.466657 0.016495
0.005890 0.543642 0.000010 0.421009 0.029449
0.000010 0.531633 0.000010 0.453019 0.015328
0.000010 0.618289 0.000010 0.364699 0.016993
0.000010 0.516988 0.000010 0.457612 0.025379
0.000010 0.579716 0.000010 0.399386 0.020878
0.000010 0.540815 0.000010 0.442848 0.016317
0.000010 0.573560 0.000010 0.396093 0.030328
0.000010 0.539995 0.000010 0.432100 0.027885
0.000010 0.540296 0.000010 0.443105 0.016578
0.000010 0.532343 0.000010 0.448569 0.019068
0.000010 0.604846 0.000010 0.384289 0.010845
0.000010 0.563147 0.000010 0.405856 0.030977
0.000010 0.542346 0.000010 0.436714 0.020921
0.004403 0.526675 0.000010 0.454678 0.014233
0.000010 0.557177 0.001790 0.425488 0.015536
0.000017 0.572352 0.000010 0.396347 0.031274
0.000010 0.584919 0.000010 0.404746 0.010314
0.001202 0.568282 0.000010 0.415627 0.014879
0.005541 0.511556 0.000010 0.453054 0.029839
0.000010 0.554236 0.000010 0.435263 0.010481
0.015319 0.463527 0.000010 0.511704 0.009440
0.000010 0.605413 0.000010 0.366606 0.027961
0.000010 0.398398 0.000010 0.535072 0.066510
0.000010 0.502458 0.000010 0.423216 0.074306
0.005372 0.519374 0.000010 0.352020 0.123224
0.000010 0.459834 0.000010 0.489135 0.051011
0.000010 0.455543 0.000010 0.381802 0.162634
0.000010 0.452259 0.000010 0.495624 0.052097
0.013904 0.433615 0.005964 0.468185 0.078331
0.000010 0.455761 0.000010 0.466298 0.077921
0.005511 0.494860 0.000010 0.439984 0.059635
0.000010 0.448082 0.000010 0.498048 0.053849
0.000010 0.406386 0.000010 0.531024 0.062570
0.000010 0.452206 0.000010 0.463287 0.084487
0.000010 0.446866 0.000010 0.428328 0.124786
0.032651 0.077344 0.000010 0.113427 0.776569
0.007851 0.498628 0.000010 0.423973 0.069538
0.000010 0.456473 0.000010 0.462438 0.081069
0.000010 0.435051 0.000010 0.482429 0.082500
0.012923 0.490069 0.000010 0.417452 0.079546
0.000010 0.474423 0.000010 0.439134 0.086423
0.000010 0.391355 0.000010 0.477991 0.130635
0.000010 0.521866 0.000010 0.403584 0.074530
0.000010 0.460707 0.003412 0.440676 0.095195
0.000010 0.364160 0.000010 0.572339 0.063481
0.000010 0.405241 0.000010 0.536917 0.057822
0.000010 0.441490 0.000010 0.421919 0.136571
0.000010 0.474965 0.000010 0.374631 0.150384
0.000010 0.527589 0.000010 0.355900 0.116491
0.000010 0.488124 0.000010 0.440531 0.071325
0.000010 0.472681 0.000010 0.413114 0.114185
0.000010 0.474337 0.000010 0.387480 0.138163
0.000010 0.530883 0.000010 0.400817 0.068280
0.005409 0.428740 0.000010 0.423366 0.142475
0.000010 0.477885 0.000010 0.433906 0.088189
0.000010 0.471415 0.000010 0.462998 0.065567
0.003591 0.448298 0.000010 0.498004 0.050097
0.000010 0.501503 0.000010 0.427958 0.070518
0.000010 0.476040 0.002656 0.418938 0.102356
0.000010 0.457326 0.000010 0.366560 0.176094
0.000010 0.501473 0.000010 0.409828 0.088679
0.000010 0.436286 0.000010 0.513292 0.050402
0.000010 0.442738 0.000010 0.503499 0.053743
0.003492 0.453460 0.000010 0.466819 0.076219
0.000010 0.469407 0.000010 0.443154 0.087419
0.000010 0.473254 0.000010 0.469568 0.057158
0.002676 0.523651 0.000010 0.420154 0.053509
0.664491 0.000010 0.000010 0.305140 0.030350
0.629621 0.000010 0.000010 0.334035 0.036323
0.626953 0.000010 0.005863 0.338388 0.028787
0.665923 0.000010 0.000010 0.302682 0.031375
0.685590 0.000010 0.000010 0.292318 0.022072
0.623273 0.000010 0.017889 0.339905 0.018923
0.620859 0.000010 0.000010 0.352424 0.026696
0.000010 0.897031 0.000010 0.095030 0.007918
0.000010 0.852428 0.000010 0.139524 0.008028
0.000010 0.885819 0.000010 0.109647 0.004515
0.000010 0.850402 0.000010 0.133104 0.016474
0.000010 0.886063 0.000010 0.103011 0.010906
0.000010 0.876547 0.000010 0.120504 0.002930
0.000010 0.884684 0.000010 0.111183 0.004113
0.000010 0.871764 0.000010 0.112272 0.015945
0.004535 0.846344 0.000010 0.133061 0.016050
0.000010 0.879947 0.000010 0.111395 0.008638
0.000010 0.541576 0.000010 0.404039 0.054365
0.013068 0.527309 0.000010 0.415532 0.044081
0.000010 0.522403 0.000010 0.430810 0.046767
0.000010 0.515340 0.002456 0.425440 0.056754
0.000014 0.517371 0.000010 0.425490 0.057114
0.000013 0.444556 0.000010 0.452626 0.102795
0.000010 0.477779 0.000010 0.453667 0.068534
0.028506 0.463707 0.000010 0.432207 0.075570
0.000010 0.499922 0.000010 0.436467 0.063592
0.000010 0.457300 0.003154 0.424922 0.114614
0.003570 0.527675 0.000010 0.368404 0.100341
0.000010 0.531253 0.000010 0.417862 0.050865
0.000010 0.567413 0.000010 0.376128 0.056439
0.000010 0.493318 0.000010 0.454386 0.052275
0.000010 0.507912 0.000010 0.433656 0.058411
0.003818 0.516441 0.000010 0.392606 0.087125
0.006663 0.445505 0.000010 0.370370 0.177452
0.000010 0.523041 0.000010 0.402721 0.074218
0.000010 0.573003 0.000789 0.369097 0.057101
0.000010 0.456984 0.000010 0.493108 0.049888
0.006372 0.528790 0.000010 0.413276 0.051551
0.000010 0.511720 0.000010 0.410126 0.078135
0.027190 0.500139 0.000010 0.402473 0.070188
0.000010 0.519890 0.000010 0.414441 0.065649
0.000010 0.373524 0.000010 0.579889 0.046567
0.000010 0.000010 0.999960 0.000010 0.000010
0.000010 0.062842 0.885863 0.000010 0.051275
0.000010 0.000010 0.999960 0.000010 0.000010
0.000010 0.000010 0.999960 0.000010 0.000010
0.000010 0.000010 0.999960 0.000010 0.000010
0.000010 0.000010 0.999960 0.000010 0.000010
0.899054 0.000010 0.000210 0.100716 0.000010
0.974753 0.000010 0.000020 0.025207 0.000010
0.890634 0.000010 0.000010 0.109336 0.000010
0.935677 0.002414 0.000010 0.061889 0.000010
0.888276 0.016720 0.000010 0.094876 0.000118
0.953749 0.003159 0.000010 0.043072 0.000010
0.897375 0.000010 0.000010 0.102595 0.000010
0.932801 0.014126 0.000010 0.053053 0.000010
0.866822 0.000010 0.000010 0.133148 0.000010
0.018396 0.495363 0.011153 0.404503 0.070584
0.000010 0.484595 0.000010 0.406298 0.109086
0.006268 0.571394 0.000010 0.354762 0.067565
0.000010 0.517586 0.000010 0.421405 0.060989
0.000010 0.456493 0.000010 0.470063 0.073424
0.000010 0.528856 0.000010 0.417697 0.053427
0.000010 0.497212 0.000010 0.433910 0.068858
0.000010 0.462920 0.000010 0.470819 0.066241
0.003684 0.429361 0.000010 0.467536 0.099408
0.000010 0.511253 0.000010 0.423049 0.065677
0.012034 0.472182 0.000010 0.447018 0.068757
0.000010 0.504817 0.000010 0.413290 0.081873
0.000010 0.572198 0.003253 0.361976 0.062564
0.000010 0.511841 0.002065 0.431532 0.054553
0.000010 0.498038 0.000010 0.435591 0.066350
0.006338 0.432631 0.000809 0.420111 0.140112
0.015591 0.467482 0.000010 0.416434 0.100483
0.000010 0.593517 0.000010 0.348854 0.057609
0.000010 0.464890 0.000010 0.450201 0.084889
0.000010 0.414813 0.000010 0.447885 0.137282
0.020474 0.533288 0.001195 0.389342 0.055701
0.000010 0.450295 0.000010 0.472235 0.077449
0.995935 0.000010 0.004035 0.000010 0.000010
0.999960 0.000010 0.000010 0.000010 0.000010
0.997637 0.000010 0.002333 0.000010 0.000010
0.999960 0.000010 0.000010 0.000010 0.000010
0.993961 0.000010 0.006009 0.000010 0.000010
0.999960 0.000010 0.000010 0.000010 0.000010
0.999960 0.000010 0.000010 0.000010 0.000010
0.999960 0.000010 0.000010 0.000010 0.000010
0.999960 0.000010 0.000010 0.000010 0.000010
0.999960 0.000010 0.000010 0.000010 0.000010
0.999960 0.000010 0.000010 0.000010 0.000010
0.999960 0.000010 0.000010 0.000010 0.000010
0.999960 0.000010 0.000010 0.000010 0.000010
0.999960 0.000010 0.000010 0.000010 0.000010
0.994861 0.000010 0.005109 0.000010 0.000010
0.999960 0.000010 0.000010 0.000010 0.000010
0.987175 0.000010 0.012795 0.000010 0.000010
0.999960 0.000010 0.000010 0.000010 0.000010
0.991788 0.000010 0.008182 0.000010 0.000010
0.963749 0.000010 0.036221 0.000010 0.000010
0.999960 0.000010 0.000010 0.000010 0.000010
0.999960 0.000010 0.000010 0.000010 0.000010
0.999960 0.000010 0.000010 0.000010 0.000010
0.988431 0.000010 0.011539 0.000010 0.000010
0.999960 0.000010 0.000010 0.000010 0.000010
0.999960 0.000010 0.000010 0.000010 0.000010
0.996606 0.000010 0.003364 0.000010 0.000010
0.955774 0.006412 0.037795 0.000010 0.000010
0.999960 0.000010 0.000010 0.000010 0.000010
0.990552 0.000010 0.000010 0.009418 0.000010
0.999960 0.000010 0.000010 0.000010 0.000010
0.998369 0.000010 0.000010 0.001601 0.000010
0.989196 0.002462 0.000010 0.008322 0.000010
0.999960 0.000010 0.000010 0.000010 0.000010
0.978499 0.001144 0.007689 0.012659 0.000010
0.999960 0.000010 0.000010 0.000010 0.000010
0.999960 0.000010 0.000010 0.000010 0.000010
0.644165 0.000010 0.013219 0.318449 0.024157
0.633880 0.000010 0.000010 0.330602 0.035498
0.995289 0.000010 0.004681 0.000010 0.000010
0.984010 0.000010 0.015960 0.000010 0.000010
0.000010 0.999960 0.000010 0.000010 0.000010
0.000010 0.992715 0.000010 0.006743 0.000522
0.000010 0.987730 0.000010 0.009757 0.002493
0.000010 0.975336 0.000010 0.024634 0.000010
0.012082 0.985392 0.002506 0.000010 0.000010
0.000010 0.999516 0.000010 0.000010 0.000454
0.000010 0.999036 0.000010 0.000010 0.000934
0.006646 0.964044 0.000010 0.029290 0.000010
0.002261 0.960069 0.000010 0.037650 0.000010
0.000010 0.999153 0.000817 0.000010 0.000010
0.000010 0.999960 0.000010 0.000010 0.000010
0.009370 0.982307 0.000010 0.008304 0.000010
0.000010 0.997596 0.000010 0.002374 0.000010
0.000010 0.963834 0.000010 0.034602 0.001544
0.007736 0.968874 0.000010 0.023370 0.000010
0.993403 0.000010 0.006567 0.000010 0.000010
0.999960 0.000010 0.000010 0.000010 0.000010
0.999960 0.000010 0.000010 0.000010 0.000010
0.998881 0.000010 0.001089 0.000010 0.000010
0.993520 0.000010 0.006450 0.000010 0.000010
0.999960 0.000010 0.000010 0.000010 0.000010
0.982288 0.000010 0.014539 0.003153 0.000010
0.999960 0.000010 0.000010 0.000010 0.000010
0.999960 0.000010 0.000010 0.000010 0.000010
0.999960 0.000010 0.000010 0.000010 0.000010
0.997673 0.000010 0.002297 0.000010 0.000010
0.996742 0.000010 0.003228 0.000010 0.000010
0.000010 0.000010 0.999960 0.000010 0.000010
0.000010 0.000010 0.999960 0.000010 0.000010
0.000010 0.000010 0.999960 0.000010 0.000010
0.000010 0.000010 0.999960 0.000010 0.000010
0.000010 0.000010 0.999960 0.000010 0.000010
0.000010 0.000010 0.999960 0.000010 0.000010
0.000010 0.000010 0.999960 0.000010 0.000010
0.000010 0.000010 0.999960 0.000010 0.000010
0.000010 0.031472 0.950437 0.018071 0.000010
0.002065 0.000010 0.997905 0.000010 0.000010
0.000010 0.003579 0.996391 0.000010 0.000010
0.000010 0.000010 0.999960 0.000010 0.000010
0.010844 0.060646 0.928490 0.000010 0.000010
0.000010 0.000010 0.997524 0.000010 0.002446
0.000010 0.207089 0.701693 0.051393 0.039816
0.000010 0.113126 0.862189 0.000010 0.024665
0.000010 0.066915 0.933055 0.000010 0.000010
0.000010 0.017469 0.941139 0.000010 0.041372
0.023331 0.000010 0.976639 0.000010 0.000010
0.012566 0.000010 0.987404 0.000010 0.000010
0.000010 0.085797 0.900865 0.000010 0.013317
0.018672 0.116877 0.864431 0.000010 0.000010
0.000010 0.018416 0.965927 0.015637 0.000010
0.006920 0.221092 0.737395 0.021870 0.012722
0.015358 0.031532 0.953000 0.000010 0.000100
0.000010 0.000010 0.999960 0.000010 0.000010
0.005880 0.028082 0.929383 0.000010 0.036645
0.000010 0.247968 0.738830 0.008610 0.004583
0.000010 0.048762 0.925487 0.025731 0.000010
0.069990 0.894642 0.027643 0.007714 0.000010
0.083098 0.882496 0.014190 0.019121 0.001095
0.075309 0.860165 0.018867 0.045649 0.000010
0.097313 0.847104 0.015382 0.040192 0.000010
0.063190 0.820326 0.042880 0.073594 0.000010
0.078955 0.870715 0.008738 0.041582 0.000010
0.062319 0.913450 0.019416 0.004805 0.000010
0.093231 0.860370 0.013901 0.032488 0.000010
0.085023 0.900325 0.000010 0.014631 0.000010
0.054588 0.902353 0.009706 0.033343 0.000010
0.065108 0.914992 0.019881 0.000010 0.000010
0.044638 0.916339 0.034730 0.004284 0.000010
0.082800 0.902154 0.015026 0.000010 0.000010
0.083443 0.883958 0.025080 0.007509 0.000010
0.098685 0.854826 0.008833 0.037645 0.000010
0.071118 0.898926 0.013101 0.016846 0.000010
0.068957 0.798949 0.031178 0.100907 0.000010
0.080618 0.807437 0.043460 0.068474 0.000010
0.055921 0.851676 0.036056 0.056337 0.000010
0.081435 0.874820 0.018403 0.025332 0.000010
0.062811 0.881838 0.007474 0.047867 0.000010
0.047393 0.911239 0.024727 0.016631 0.000010
0.078117 0.875085 0.014427 0.031511 0.000861
0.084613 0.878833 0.022184 0.014360 0.000010
0.081397 0.890571 0.024028 0.003994 0.000010
0.000010 0.000010 0.000010 0.000010 0.999960
0.000010 0.009367 0.000010 0.000010 0.990603
0.000010 0.013982 0.000010 0.000010 0.985988
0.000010 0.000010 0.000010 0.000010 0.999960
0.000010 0.009577 0.000010 0.000010 0.990393
0.000011 0.000010 0.000010 0.008125 0.991844
0.000010 0.000180 0.000010 0.004259 0.995541
0.000010 0.000019 0.000010 0.000010 0.999951
0.000723 0.002285 0.000010 0.000010 0.996972
0.000010 0.010523 0.000010 0.000010 0.989447
0.010335 0.000010 0.000010 0.000010 0.989635
0.000010 0.016114 0.000010 0.000010 0.983856
0.000010 0.026174 0.000010 0.000010 0.973796
0.000010 0.017122 0.000010 0.016460 0.966397
0.000010 0.000010 0.000010 0.000010 0.999960
0.000010 0.000010 0.000010 0.000010 0.999960
0.000010 0.000010 0.000010 0.000010 0.999960
0.000010 0.000010 0.000010 0.000010 0.999960
0.000010 0.000010 0.000010 0.000010 0.999960
0.000010 0.000010 0.000010 0.000010 0.999960
0.000010 0.000010 0.000010 0.000010 0.999960
0.000010 0.000010 0.000010 0.000010 0.999960
0.000010 0.000010 0.000010 0.000010 0.999960
0.000010 0.000010 0.000010 0.000010 0.999960
0.000010 0.000010 0.000010 0.000010 0.999960
0.000010 0.000010 0.000010 0.000010 0.999960
0.000010 0.000010 0.000010 0.000010 0.999960
0.000010 0.000010 0.000010 0.000010 0.999960
0.000010 0.000010 0.000010 0.000010 0.999960
0.000010 0.000010 0.000010 0.000010 0.999960
0.000010 0.000010 0.000010 0.000010 0.999960
0.000010 0.000010 0.000010 0.000010 0.999960
0.000010 0.000010 0.000010 0.000010 0.999960
0.000010 0.000010 0.000010 0.000010 0.999960
0.000010 0.000010 0.000010 0.000010 0.999960
0.000010 0.000010 0.000010 0.000010 0.999960
0.724056 0.110837 0.100886 0.064211 0.000010
0.776824 0.081813 0.082216 0.059136 0.000010
0.742736 0.120469 0.105657 0.031129 0.000010
0.742204 0.146031 0.087539 0.024216 0.000010
0.590446 0.315143 0.070127 0.024275 0.000010
0.669782 0.190287 0.101937 0.037983 0.000010
0.770073 0.099814 0.110822 0.019281 0.000010
0.768810 0.129862 0.101048 0.000269 0.000010
0.524894 0.323416 0.083353 0.068326 0.000010
0.764692 0.079783 0.112458 0.043057 0.000010
0.788835 0.110358 0.100787 0.000010 0.000010
0.791469 0.080047 0.104008 0.024466 0.000010
0.818166 0.075118 0.064291 0.042415 0.000010
0.751657 0.129011 0.079337 0.039985 0.000010
0.823817 0.030094 0.146069 0.000010 0.000010
0.802880 0.084834 0.081510 0.030767 0.000010
0.750805 0.140575 0.075392 0.033218 0.000010
0.810741 0.087434 0.080668 0.021147 0.000010
0.814818 0.079989 0.083706 0.021477 0.000010
0.789549 0.127921 0.059713 0.022807 0.000010
0.748638 0.102641 0.133414 0.015297 0.000010
0.739265 0.154819 0.098923 0.006982 0.000010
0.795135 0.124932 0.062624 0.017299 0.000010
0.697086 0.213483 0.088665 0.000756 0.000010
0.650354 0.241408 0.108218 0.000010 0.000010
0.000010 0.000010 0.999960 0.000010 0.000010
0.999960 0.000010 0.000010 0.000010 0.000010
0.999960 0.000010 0.000010 0.000010 0.000010
0.999960 0.000010 0.000010 0.000010 0.000010
0.999960 0.000010 0.000010 0.000010 0.000010
0.999960 0.000010 0.000010 0.000010 0.000010
0.999960 0.000010 0.000010 0.000010 0.000010
0.999960 0.000010 0.000010 0.000010 0.000010
0.015312 0.000010 0.000010 0.034703 0.949965
0.042303 0.000010 0.000010 0.014587 0.943089
0.012416 0.000010 0.000215 0.000010 0.987349
0.004274 0.000010 0.000010 0.000010 0.995696
0.039590 0.002863 0.001907 0.060804 0.894835
0.057817 0.000010 0.000010 0.069629 0.872534
0.026289 0.000010 0.002999 0.076537 0.894165
0.002563 0.000010 0.000010 0.000010 0.997407
0.010396 0.000010 0.000010 0.000010 0.989574
0.000010 0.000010 0.999960 0.000010 0.000010
0.000010 0.000010 0.999960 0.000010 0.000010
0.000010 0.000010 0.999960 0.000010 0.000010
0.000010 0.000010 0.999960 0.000010 0.000010
0.000010 0.000010 0.999960 0.000010 0.000010
0.000010 0.000010 0.999960 0.000010 0.000010
0.000010 0.000010 0.999960 0.000010 0.000010
0.000010 0.000010 0.999960 0.000010 0.000010
0.000010 0.000010 0.999960 0.000010 0.000010
0.000010 0.000010 0.999960 0.000010 0.000010
0.000010 0.000010 0.999960 0.000010 0.000010
0.000010 0.000010 0.999960 0.000010 0.000010
0.990684 0.000010 0.000010 0.009286 0.000010
0.999960 0.000010 0.000010 0.000010 0.000010
0.628612 0.000010 0.000010 0.342965 0.028403
0.007516 0.000010 0.000010 0.000010 0.992454
0.028461 0.000010 0.000010 0.087607 0.883912
0.003561 0.001583 0.000010 0.019392 0.975454
0.000010 0.000010 0.000010 0.000010 0.999960
0.043859 0.012838 0.000010 0.063065 0.880228
0.000010 0.000010 0.002661 0.000010 0.997309
0.000010 0.011373 0.000010 0.000010 0.988597
0.000010 0.012952 0.000010 0.000010 0.987018
0.041025 0.001880 0.000010 0.065618 0.891467
0.000010 0.000010 0.999960 0.000010 0.000010
0.000010 0.000010 0.999960 0.000010 0.000010
0.000010 0.000010 0.999960 0.000010 0.000010
0.000010 0.000010 0.999960 0.000010 0.000010
0.000010 0.000010 0.999960 0.000010 0.000010
0.006575 0.000010 0.993395 0.000010 0.000010
0.000010 0.000010 0.999960 0.000010 0.000010
0.022368 0.017409 0.960203 0.000010 0.000010
0.000010 0.000010 0.999960 0.000010 0.000010
0.000010 0.000010 0.999960 0.000010 0.000010
0.027258 0.014570 0.958152 0.000010 0.000010
0.027983 0.000010 0.971987 0.000010 0.000010
0.000010 0.000010 0.999960 0.000010 0.000010
0.000010 0.885964 0.000010 0.107176 0.006840
0.000010 0.815323 0.000010 0.179235 0.005421
0.000010 0.820316 0.001996 0.171239 0.006439
0.000010 0.928210 0.000010 0.058921 0.012849
0.000010 0.877979 0.000010 0.117296 0.004705
0.000010 0.882736 0.000010 0.110621 0.006623
0.000010 0.837745 0.000010 0.154106 0.008129
0.000010 0.868522 0.000010 0.127532 0.003925
0.000010 0.884164 0.000010 0.107000 0.008816
0.000010 0.866536 0.000010 0.125051 0.008393
0.000010 0.886580 0.000010 0.105483 0.007917
0.000010 0.827394 0.000010 0.164632 0.007955
0.000010 0.813301 0.000010 0.176315 0.010364
0.000010 0.849391 0.000010 0.140450 0.010139
0.000010 0.823478 0.000010 0.172729 0.003772
0.000010 0.837402 0.000010 0.157285 0.005293
0.000010 0.883039 0.000010 0.109827 0.007114
0.000010 0.874815 0.000010 0.120910 0.004255
0.015293 0.000010 0.000797 0.013278 0.970622
0.022666 0.000010 0.000010 0.000010 0.977304
0.000010 0.000010 0.001823 0.003463 0.994694
0.009374 0.000010 0.000010 0.000842 0.989764
0.999956 0.000010 0.000014 0.000010 0.000010
0.999960 0.000010 0.000010 0.000010 0.000010
0.999960 0.000010 0.000010 0.000010 0.000010
0.983920 0.000010 0.016050 0.000010 0.000010
0.999960 0.000010 0.000010 0.000010 0.000010
0.999399 0.000014 0.000568 0.000010 0.000010
0.995516 0.000010 0.004454 0.000010 0.000010
0.997807 0.002163 0.000010 0.000010 0.000010
0.994365 0.000010 0.000010 0.005605 0.000010
0.011508 0.923340 0.000010 0.064263 0.000879
0.000010 0.914552 0.002822 0.078864 0.003751
0.000010 0.876846 0.000010 0.118423 0.004712
0.003742 0.865355 0.000010 0.130414 0.000480
0.000010 0.898414 0.004931 0.095430 0.001215
0.000010 0.830501 0.000010 0.169469 0.000010
0.012215 0.907286 0.002329 0.075335 0.002836
0.000010 0.821431 0.000010 0.177396 0.001153
0.000010 0.840155 0.000010 0.155799 0.004026
0.007590 0.782995 0.000010 0.204673 0.004733
0.000010 0.853355 0.000010 0.138138 0.008487
0.005750 0.832468 0.000010 0.159311 0.002461
0.000010 0.827712 0.002860 0.166778 0.002641
0.000010 0.839801 0.002687 0.157493 0.000010
0.000010 0.799726 0.000010 0.197903 0.002351
0.000010 0.925876 0.000010 0.071591 0.002514
0.003144 0.855496 0.000010 0.141340 0.000010
0.000010 0.930488 0.003143 0.066349 0.000010
0.000010 0.874459 0.000010 0.122624 0.002897
0.000010 0.914878 0.000010 0.082069 0.003033
0.986444 0.000010 0.013526 0.000010 0.000010
0.999960 0.000010 0.000010 0.000010 0.000010
0.999960 0.000010 0.000010 0.000010 0.000010
0.952607 0.013561 0.033812 0.000010 0.000010
0.994299 0.000010 0.000010 0.005671 0.000010
0.979117 0.000010 0.011957 0.008906 0.000010
0.998123 0.000010 0.001847 0.000010 0.000010
0.999960 0.000010 0.000010 0.000010 0.000010
0.999959 0.000011 0.000010 0.000010 0.000010
0.999952 0.000010 0.000010 0.000018 0.000010
0.999960 0.000010 0.000010 0.000010 0.000010
0.997060 0.000010 0.002910 0.000010 0.000010
0.999960 0.000010 0.000010 0.000010 0.000010
0.999960 0.000010 0.000010 0.000010 0.000010
0.999960 0.000010 0.000010 0.000010 0.000010
0.999960 0.000010 0.000010 0.000010 0.000010
0.993712 0.000010 0.006258 0.000010 0.000010
0.988674 0.000010 0.011296 0.000010 0.000010
0.999960 0.000010 0.000010 0.000010 0.000010
0.999960 0.000010 0.000010 0.000010 0.000010
0.000010 0.000010 0.000010 0.000010 0.999960
0.000010 0.008100 0.000010 0.000010 0.991870
0.000016 0.000010 0.000010 0.002212 0.997752
0.003505 0.000010 0.000010 0.000010 0.996465
0.899684 0.053931 0.046365 0.000010 0.000010
0.946675 0.008964 0.007643 0.036709 0.000010
0.875195 0.016958 0.086450 0.021387 0.000010
0.893055 0.032321 0.043709 0.030904 0.000010
0.874334 0.048971 0.076675 0.000010 0.000010
0.928196 0.026233 0.042049 0.003512 0.000010
0.912634 0.029236 0.058110 0.000010 0.000010
0.855490 0.013167 0.131323 0.000010 0.000010
0.936827 0.032754 0.012820 0.017589 0.000010
0.910004 0.024197 0.065780 0.000010 0.000010
0.892368 0.028631 0.029075 0.049916 0.000010
0.887760 0.050420 0.061800 0.000010 0.000010
0.916482 0.059069 0.018985 0.005453 0.000010
0.910155 0.042711 0.023365 0.023760 0.000010
0.917166 0.029521 0.036986 0.016317 0.000010
0.892689 0.027609 0.063962 0.015731 0.000010
0.885387 0.066670 0.047922 0.000010 0.000010
0.939514 0.019139 0.017826 0.023511 0.000010
0.842448 0.058410 0.066457 0.032675 0.000010
0.907752 0.029950 0.044675 0.017614 0.000010
0.955046 0.039839 0.001723 0.003381 0.000010
0.907340 0.055539 0.032807 0.004304 0.000010
0.897360 0.058092 0.044529 0.000010 0.000010
0.790013 0.074930 0.092652 0.042395 0.000010
0.825597 0.094145 0.059377 0.020871 0.000010
0.933088 0.016519 0.038296 0.011264 0.000833
0.896688 0.035578 0.056004 0.011720 0.000010
0.941849 0.019299 0.037027 0.001815 0.000010
0.915231 0.024600 0.042233 0.017926 0.000010
0.973408 0.005391 0.013268 0.007923 0.000010
0.863424 0.000010 0.101386 0.035169 0.000010
0.923516 0.026361 0.037256 0.012857 0.000010
0.921678 0.028318 0.041903 0.008092 0.000010
0.923175 0.000010 0.074143 0.002663 0.000010
0.912738 0.018350 0.053567 0.015335 0.000010
0.916796 0.024860 0.058324 0.000010 0.000010
0.727264 0.186621 0.051958 0.034147 0.000010
0.936657 0.014870 0.011993 0.036471 0.000010
0.933625 0.050031 0.016324 0.000010 0.000010
0.940020 0.018147 0.024848 0.016975 0.000010
0.857189 0.089875 0.036348 0.016578 0.000010
0.874594 0.056091 0.024566 0.044739 0.000010
0.925935 0.038656 0.021622 0.013778 0.000010
0.921948 0.024504 0.031934 0.021604 0.000010
0.929387 0.039544 0.027304 0.003755 0.000010
0.000010 0.511717 0.000010 0.276100 0.212163
0.000010 0.542873 0.000010 0.246096 0.211012
0.000010 0.651380 0.000010 0.151270 0.197330
0.000010 0.535701 0.000010 0.235072 0.229207
0.000010 0.480787 0.001169 0.257820 0.260215
0.000010 0.518648 0.000010 0.292034 0.189298
0.001915 0.525753 0.000030 0.214676 0.257626
0.000010 0.457865 0.000010 0.275935 0.266180
0.000010 0.422102 0.000010 0.158209 0.419669
0.000010 0.505722 0.000010 0.257721 0.236537
0.000010 0.565897 0.000010 0.258633 0.175450
0.000010 0.493884 0.000010 0.300989 0.205107
0.000010 0.565707 0.000010 0.226482 0.207791
0.000010 0.481215 0.000010 0.304469 0.214295
0.000010 0.413673 0.000010 0.355513 0.230794
0.003631 0.503648 0.000010 0.283877 0.208834
0.000010 0.494376 0.000010 0.278814 0.226790
0.000010 0.106631 0.000010 0.104994 0.788355
0.000010 0.266133 0.000010 0.102130 0.631716
0.000010 0.500490 0.000010 0.291346 0.208144
0.000010 0.474846 0.000010 0.232719 0.292415
0.003334 0.522241 0.000010 0.259790 0.214625
0.000010 0.472733 0.000010 0.280128 0.247120
0.000010 0.484385 0.000010 0.300156 0.215439
0.009071 0.519391 0.000010 0.256996 0.214533
0.000010 0.518282 0.000010 0.253532 0.228165
0.000010 0.506873 0.000010 0.289479 0.203629
0.000010 0.008009 0.000010 0.000010 0.991961
0.004722 0.000010 0.000010 0.000010 0.995248
0.000010 0.003501 0.000010 0.000010 0.996469
0.000010 0.007379 0.000010 0.000010 0.992591
0.972161 0.027809 0.000010 0.000010 0.000010
0.965148 0.000203 0.003290 0.031349 0.000010
0.974593 0.005931 0.005832 0.013635 0.000010
0.952537 0.017376 0.029101 0.000976 0.000010
0.994424 0.000010 0.005546 0.000010 0.000010
0.971787 0.016900 0.011293 0.000010 0.000010
0.966561 0.023614 0.000010 0.009806 0.000010
0.976051 0.000010 0.010299 0.013630 0.000010
0.971925 0.018360 0.000010 0.009695 0.000010
0.947925 0.007337 0.020508 0.024219 0.000010
0.455588 0.285995 0.026468 0.231939 0.000010
0.412364 0.283528 0.045621 0.258476 0.000010
0.484715 0.289629 0.012525 0.213121 0.000010
0.428685 0.297791 0.038627 0.234888 0.000010
0.452352 0.289950 0.036541 0.221146 0.000010
0.560471 0.269702 0.068034 0.101784 0.000010
0.426684 0.313981 0.043006 0.216320 0.000010
0.515618 0.248428 0.072982 0.162962 0.000010
0.578327 0.223105 0.044024 0.154534 0.000010
0.488142 0.230295 0.044472 0.237081 0.000010
0.999960 0.000010 0.000010 0.000010 0.000010
0.999960 0.000010 0.000010 0.000010 0.000010
0.996640 0.000010 0.000010 0.003330 0.000010
0.991533 0.000010 0.000662 0.007785 0.000010
0.999960 0.000010 0.000010 0.000010 0.000010
0.999960 0.000010 0.000010 0.000010 0.000010
0.999960 0.000010 0.000010 0.000010 0.000010
0.999960 0.000010 0.000010 0.000010 0.000010
0.994413 0.000010 0.000010 0.005557 0.000010
0.994217 0.005753 0.000010 0.000010 0.000010
0.999960 0.000010 0.000010 0.000010 0.000010
0.999371 0.000010 0.000599 0.000010 0.000010
0.982947 0.005735 0.004443 0.006865 0.000010
0.995334 0.000142 0.004503 0.000010 0.000010
0.999960 0.000010 0.000010 0.000010 0.000010
0.978898 0.000010 0.000020 0.021063 0.000010
0.991408 0.000010 0.008562 0.000010 0.000010
0.999960 0.000010 0.000010 0.000010 0.000010
0.999960 0.000010 0.000010 0.000010 0.000010
0.999960 0.000010 0.000010 0.000010 0.000010
0.999960 0.000010 0.000010 0.000010 0.000010
0.999959 0.000010 0.000010 0.000011 0.000010
0.999960 0.000010 0.000010 0.000010 0.000010
0.999960 0.000010 0.000010 0.000010 0.000010
0.999958 0.000010 0.000010 0.000012 0.000010
0.998401 0.000010 0.000010 0.001569 0.000010
0.999960 0.000010 0.000010 0.000010 0.000010
0.959027 0.000010 0.024460 0.016493 0.000010
0.979027 0.000010 0.012111 0.008842 0.000010
0.983741 0.007988 0.005975 0.002286 0.000010
0.980993 0.006636 0.004969 0.006161 0.001241
0.973323 0.000010 0.017275 0.009383 0.000010
0.970724 0.013728 0.015528 0.000010 0.000010
0.987344 0.009470 0.003166 0.000010 0.000010
0.980549 0.000010 0.000013 0.019418 0.000010
0.926414 0.011386 0.000010 0.062180 0.000010
0.872068 0.044216 0.042952 0.040754 0.000010
0.889708 0.048705 0.018900 0.042677 0.000010
0.836126 0.047985 0.041474 0.074405 0.000010
0.902912 0.011080 0.011143 0.074855 0.000010
0.922914 0.013775 0.025885 0.037415 0.000010
0.878617 0.059291 0.044221 0.017553 0.000318
0.901670 0.014236 0.027883 0.056201 0.000010
0.929081 0.010988 0.004840 0.055081 0.000010
0.907122 0.074057 0.007334 0.011476 0.000010
0.000010 0.961232 0.000010 0.037755 0.000993
0.000010 0.961927 0.000010 0.034050 0.004003
0.004749 0.959154 0.000010 0.032409 0.003678
0.000010 0.970069 0.004376 0.021442 0.004102
0.000010 0.999914 0.000010 0.000010 0.000056
0.000010 0.951071 0.004893 0.041024 0.003002
0.000010 0.938774 0.005156 0.055947 0.000112
0.000010 0.895038 0.000010 0.103543 0.001399
0.000010 0.971597 0.000010 0.026011 0.002372
